5
361
89
345
100
328
90
335
92
330
93
328
92
325
90
322
88
327
89
303
82
301
83
310
88
307
90
307
97
295
94
306
96
314
96
316
99
324
99
318
94
313
95
310
94
298
102
300
106
295
115
292
125
304
123
304
126
288
129
291
129
301
124
296
121
298
112
288
122
288
149
287
156
287
157
293
160
300
160
311
162
320
161
321
154
325
164
328
168
333
166
348
169
358
171
354
175
342
175
333
180
313
183
317
180
341
192
345
196
342
202
330
203
343
194
322
191
322
196
336
193
308
206
316
218
339
221
309
221
301
215
326
214
299
220
317
220
329
222
290
235
312
238
312
242
296
238
339
229
303
231
314
226
316
212
310
204
318
184
310
175
310
175
308
173
310
167
316
157
308
133
312
144
346
155
327
161
346
176
345
153
336
170
358
176
311
195
342
200
315
195
329
206
331
202
290
205
328
230
277
242
314
240
314
240
288
251
332
261
308
267
329
278
374
301
331
314
315
345
275
342
280
355
314
407
257
416
307
406
299
403
298
410
346
424
319
428
322
437
335
437
309
462
347
468
329
466
353
469
352
469
345
469
366
474
344
473
377
473
349
473
354
473
354
470
321
475
357
475
328
475
334
476
315
476
-1
-1
-1
-1
-1
-1
-1
-1
-1
-1
-1
-1
-1
-1
-1
-1
-1
-1
-1
-1
-1
-1
-1
-1
-1
-1
-1
-1
-1
-1
-1
-1
-1
-1
-1
-1
-1
-1
-1
-1
-1
-1
-1
-1
-1
-1
-1
-1
-1
-1
280
476
260
475
266
476
263
477
211
476
286
473
276
473
279
472
354
447
302
449
320
444
359
407
318
384
329
369
357
375
299
393
331
377
304
356
303
343
373
331
344
340
362
341
341
343
329
349
370
348
345
347
364
333
321
323
283
324
329
326
281
343
298
326
267
334
281
328
311
332
263
333
282
332
265
333
252
329
256
324
309
336
287
346
296
344
304
344
322
351
291
347
285
351
198
361
