5
-1
-1
-1
-1
-1
-1
115
434
-1
-1
-1
-1
-1
-1
304
450
290
432
344
424
316
422
316
416
316
419
297
413
300
412
300
412
300
412
300
412
300
405
300
405
306
360
341
337
336
337
311
337
308
330
301
332
301
334
297
332
290
332
290
332
314
316
314
302
309
300
298
296
288
295
286
295
284
294
288
293
321
282
331
274
333
264
329
261
318
265
312
265
316
266
316
266
316
266
316
266
316
266
327
256
334
252
319
249
308
248
314
248
307
247
304
245
309
247
309
247
309
247
309
247
309
247
305
244
319
242
325
240
311
235
-1
-1
-1
-1
-1
-1
-1
-1
